2	header
$Id: postResults 861 2011-05-06 10:00:27Z MPIE\c.kords $
inc	time	elem	node	ip	grain	ip.x	ip.y	ip.z	CauchyStress.intensity	CauchyStress.t11	CauchyStress.t22	CauchyStress.t33	CauchyStress.t12	CauchyStress.t23	CauchyStress.t13	1_1_f	1_2_f	1_3_f	1_4_f	1_5_f	1_6_f	1_7_f	1_8_f	1_9_f	1_1_grainrotation	1_2_grainrotation	1_3_grainrotation	1_4_grainrotation	1_1_resistance_slip	1_2_resistance_slip	1_3_resistance_slip	1_4_resistance_slip	1_5_resistance_slip	1_6_resistance_slip	1_7_resistance_slip	1_8_resistance_slip	1_9_resistance_slip	1_10_resistance_slip	1_11_resistance_slip	1_12_resistance_slip
0	0.0	1	5	1	1	0.5	0.5	0.5	0.0	0.0	0.0	0.0	0.0	0.0	0.0	1.0	0.0	0.0	0.0	1.0	0.0	0.0	0.0	1.0	0.0	0.0	0.0	0.0	31000000.0	31000000.0	31000000.0	31000000.0	31000000.0	31000000.0	31000000.0	31000000.0	31000000.0	31000000.0	31000000.0	31000000.0
1	1.0	1	5	1	1	0.5	0.5	0.5	0.024172998067	0.056046936661	0.0577092021704	0.0580734722316	0.0075496127829	0.00882737897336	0.00766104180366	1.0	1.1259596093e-13	1.12595994811e-13	1.55780499177e-13	0.999847710133	-0.0174524057657	1.55782193243e-13	0.0174524057657	0.999847710133	1.0	-1.23725617425e-12	1.23720879461e-12	1.0	31000000.0	31000000.0	31000000.0	31000000.0	31000000.0	31000000.0	31000000.0	31000000.0	31000000.0	31000000.0	31000000.0	31000000.0
2	2.0	1	5	1	1	0.5	0.5	0.5	0.0241432830571	0.0377263836563	0.0324090756476	0.033376660198	0.00727691268548	0.00865175202489	0.00764666078612	1.0	1.10501743118e-13	1.10501777e-13	1.50193822223e-13	0.99939084053	-0.034899495542	1.55527744546e-13	0.034899495542	0.99939084053	1.0	-6.45080505939e-13	5.68662738426e-13	2.0	31000000.0	31000000.0	31000000.0	31000000.0	31000000.0	31000000.0	31000000.0	31000000.0	31000000.0	31000000.0	31000000.0	31000000.0
3	3.0	1	5	1	1	0.5	0.5	0.5	0.0257848323757	0.0201567672193	0.00817993376404	0.00972554087639	0.00701188668609	0.00847246591002	0.00763081293553	1.0	1.08486407791e-13	1.08486434896e-13	1.447601533e-13	0.998629510403	-0.0523359552026	1.55243941075e-13	0.0523359552026	0.998629510403	1.0	-4.46705416797e-13	3.46547009838e-13	3.0	31000000.0	31000000.0	31000000.0	31000000.0	31000000.0	31000000.0	31000000.0	31000000.0	31000000.0	31000000.0	31000000.0	31000000.0
4	4.0	1	5	1	1	0.5	0.5	0.5	0.0286209738301	0.00342932180502	-0.0149000706151	-0.0128218811005	0.00675505120307	0.00828998535872	0.0076136472635	1.0	1.06547922069e-13	1.06547949174e-13	1.39501515266e-13	0.997564077377	-0.0697564706206	1.54932937682e-13	0.0697564706206	0.997564077377	1.0	-3.46813588048e-13	2.36204529243e-13	4.0	31000000.0	31000000.0	31000000.0	31000000.0	31000000.0	31000000.0	31000000.0	31000000.0	31000000.0	31000000.0	31000000.0	31000000.0
5	5.0	1	5	1	1	0.5	0.5	0.5	0.032148640163	-0.0124530605972	-0.0368128865957	-0.0341981202364	0.00650494545698	0.00810338370502	0.00759505899623	1.0	1.04684232745e-13	1.04684253074e-13	1.34370257434e-13	0.996194720268	-0.0871557444334	1.54588120733e-13	0.0871557444334	0.996194720268	1.0	-2.8629133569e-13	1.70304512138e-13	5.0	31000000.0	31000000.0	31000000.0	31000000.0	31000000.0	31000000.0	31000000.0	31000000.0	31000000.0	31000000.0	31000000.0	31000000.0
6	6.0	1	5	1	1	0.5	0.5	0.5	0.0360145416329	-0.027449907735	-0.0575108379126	-0.0543776340783	0.00626290449873	0.00791467912495	0.0075753852725	1.0	1.02893266281e-13	1.0289328661e-13	1.29417364412e-13	0.994521915913	-0.104528464377	1.54218746606e-13	0.104528464377	0.994521915913	1.0	-2.45509477548e-13	1.26874964528e-13	6.0	31000000.0	31000000.0	31000000.0	31000000.0	31000000.0	31000000.0	31000000.0	31000000.0	31000000.0	31000000.0	31000000.0	31000000.0
7	7.0	1	5	1	1	0.5	0.5	0.5	0.0399740663918	-0.0415176264942	-0.0769297853112	-0.0733039304614	0.00602708896622	0.00772315822542	0.00755509966984	1.0	1.01173003352e-13	1.01173016904e-13	1.24581768512e-13	0.992546141148	-0.121869340539	1.5383908611e-13	0.121869340539	0.992546141148	1.0	-2.1607593644e-13	9.60403970436e-14	7.0	31000000.0	31000000.0	31000000.0	31000000.0	31000000.0	31000000.0	31000000.0	31000000.0	31000000.0	31000000.0	31000000.0	31000000.0
8	8.0	1	5	1	1	0.5	0.5	0.5	0.0438656010832	-0.0547002702951	-0.0950862541795	-0.0910048484802	0.00579795939848	0.0075320713222	0.00753418169916	1.0	9.95214110774e-14	9.952142463e-14	1.19883541028e-13	0.990268051624	-0.139173105359	1.5344615769e-13	0.139173105359	0.990268051624	1.0	-1.93732616754e-13	7.31539937134e-14	8.0	31000000.0	31000000.0	31000000.0	31000000.0	31000000.0	31000000.0	31000000.0	31000000.0	31000000.0	31000000.0	31000000.0	31000000.0
9	9.0	1	5	1	1	0.5	0.5	0.5	0.0476265064906	-0.06693007797	-0.111963532865	-0.107425913215	0.00557443965226	0.00733647309244	0.00751292472705	1.0	9.79365107892e-14	9.79365175654e-14	1.15288543144e-13	0.987688362598	-0.156434461474	1.53048269045e-13	0.156434461474	0.987688362598	1.0	-1.7614966289e-13	5.54610577028e-14	9.0	31000000.0	31000000.0	31000000.0	31000000.0	31000000.0	31000000.0	31000000.0	31000000.0	31000000.0	31000000.0	31000000.0	31000000.0
10	10.0	1	5	1	1	0.5	0.5	0.5	0.0511619284052	-0.0781974568963	-0.127493560314	-0.122531078756	0.00535882124677	0.00714056473225	0.00749061629176	1.0	9.64163509231e-14	9.64163509231e-14	1.10881335851e-13	0.984807729721	-0.173648178577	1.52618409989e-13	0.173648178577	0.984807729721	1.0	-1.61827379296e-13	4.16502735892e-14	10.0	31000000.0	31000000.0	31000000.0	31000000.0	31000000.0	31000000.0	31000000.0	31000000.0	31000000.0	31000000.0	31000000.0	31000000.0
11	11.0	1	5	1	1	0.5	0.5	0.5	0.0544590124719	-0.088471762836	-0.141687169671	-0.136302277446	0.0051483400166	0.00694213900715	0.00746928341687	1.0	9.49590273492e-14	9.49590341255e-14	1.06568040796e-13	0.981627166271	-0.190808996558	1.52226335378e-13	0.190808996558	0.981627166271	1.0	-1.50064490456e-13	3.04205106743e-14	11.0	31000000.0	31000000.0	31000000.0	31000000.0	31000000.0	31000000.0	31000000.0	31000000.0	31000000.0	31000000.0	31000000.0	31000000.0
12	12.0	1	5	1	1	0.5	0.5	0.5	0.0574517639017	-0.0978478044271	-0.154580652714	-0.148810505867	0.00494291307405	0.00674560666084	0.00744635425508	1.0	9.35626969238e-14	9.35626969238e-14	1.02349369485e-13	0.978147625923	-0.207911685109	1.51779779608e-13	0.207911685109	0.978147625923	1.0	-1.40004354681e-13	2.11307767752e-14	12.0	31000000.0	31000000.0	31000000.0	31000000.0	31000000.0	31000000.0	31000000.0	31000000.0	31000000.0	31000000.0	31000000.0	31000000.0
13	13.0	1	5	1	1	0.5	0.5	0.5	0.0601600304963	-0.10622742027	-0.166131272912	-0.159981891513	0.0047429674305	0.00654464075342	0.00742361694574	1.0	9.22255571608e-14	9.22255503845e-14	9.82438888813e-14	0.974370062351	-0.224951043725	1.5134031181e-13	0.224951043725	0.974370062351	1.0	-1.31394718782e-13	1.33769905892e-14	13.0	31000000.0	31000000.0	31000000.0	31000000.0	31000000.0	31000000.0	31000000.0	31000000.0	31000000.0	31000000.0	31000000.0	31000000.0
14	14.0	1	5	1	1	0.5	0.5	0.5	0.0625560237246	-0.113614186645	-0.176321923733	-0.169804736972	0.00454916572198	0.00634495634586	0.00740135088563	1.0	9.09458597841e-14	9.09458530078e-14	9.42784397643e-14	0.970295727253	-0.241921886802	1.50916524286e-13	0.241921886802	0.970295727253	1.0	-1.23946358277e-13	6.88772167895e-15	14.0	31000000.0	31000000.0	31000000.0	31000000.0	31000000.0	31000000.0	31000000.0	31000000.0	31000000.0	31000000.0	31000000.0	31000000.0
15	15.0	1	5	1	1	0.5	0.5	0.5	0.064623152588	-0.120048590004	-0.185179919004	-0.17832493782	0.00435922853649	0.00614238297567	0.00737902149558	1.0	8.97219175041e-14	8.97219107278e-14	9.03759421358e-14	0.965925812721	-0.258819043636	1.50488345743e-13	0.258819043636	0.965925812721	1.0	-1.17391732728e-13	1.26347923687e-15	15.0	31000000.0	31000000.0	31000000.0	31000000.0	31000000.0	31000000.0	31000000.0	31000000.0	31000000.0	31000000.0	31000000.0	31000000.0
16	16.0	1	5	1	1	0.5	0.5	0.5	0.0663746195376	-0.125523671508	-0.192728817463	-0.185538485646	0.00417540827766	0.00594279170036	0.00735600618646	1.0	8.85521107938e-14	8.85521040175e-14	8.66191951607e-14	0.961261689663	-0.275637358427	1.50032669123e-13	0.275637358427	0.961261689663	1.0	-1.11524369384e-13	-3.50626472131e-15	16.0	31000000.0	31000000.0	31000000.0	31000000.0	31000000.0	31000000.0	31000000.0	31000000.0	31000000.0	31000000.0	31000000.0	31000000.0
17	17.0	1	5	1	1	0.5	0.5	0.5	0.0677872073143	-0.130049750209	-0.198957800865	-0.191445931792	0.00399514567107	0.00573630817235	0.00733454944566	1.0	8.74348675601e-14	8.74348607838e-14	8.29210628655e-14	0.956304728985	-0.292371690273	1.49627706059e-13	0.292371690273	0.956304728985	1.0	-1.06359209905e-13	-7.7192983925e-15	17.0	31000000.0	31000000.0	31000000.0	31000000.0	31000000.0	31000000.0	31000000.0	31000000.0	31000000.0	31000000.0	31000000.0	31000000.0
18	18.0	1	5	1	1	0.5	0.5	0.5	0.0688726440667	-0.13366368413	-0.20391356945	-0.196102648973	0.00382082024589	0.00553295295686	0.00731354439631	1.0	8.63686902487e-14	8.63686766962e-14	7.93686337898e-14	0.951056540012	-0.309017002583	1.49233476596e-13	0.309017002583	0.951056540012	1.0	-1.01717394815e-13	-1.1326327212e-14	18.0	31000000.0	31000000.0	31000000.0	31000000.0	31000000.0	31000000.0	31000000.0	31000000.0	31000000.0	31000000.0	31000000.0	31000000.0
19	19.0	1	5	1	1	0.5	0.5	0.5	0.0696297180331	-0.136321663857	-0.207558274269	-0.199463963509	0.00364940264262	0.00533262779936	0.00729088904336	1.0	8.53521355156e-14	8.53521151868e-14	7.58580481416e-14	0.945518553257	-0.325568139553	1.48775008155e-13	0.325568139553	0.945518553257	1.0	-9.7403408581e-14	-1.45807929668e-14	19.0	31000000.0	31000000.0	31000000.0	31000000.0	31000000.0	31000000.0	31000000.0	31000000.0	31000000.0	31000000.0	31000000.0	31000000.0
20	20.0	1	5	1	1	0.5	0.5	0.5	0.0700644066665	-0.138097688556	-0.209973961115	-0.201613843441	0.00348059250973	0.00512766698375	0.00727100577205	1.0	8.43838074503e-14	8.43837938977e-14	7.23816555195e-14	0.939692616463	-0.342020124197	1.48407572039e-13	0.342020124197	0.939692616463	1.0	-9.35965172554e-14	-1.75459757942e-14	20.0	31000000.0	31000000.0	31000000.0	31000000.0	31000000.0	31000000.0	31000000.0	31000000.0	31000000.0	31000000.0	31000000.0	31000000.0
21	21.0	1	5	1	1	0.5	0.5	0.5	0.0701877711751	-0.138971403241	-0.211157605052	-0.20253777504	0.00331580708735	0.00492311827838	0.00725055858493	1.0	8.34624050102e-14	8.34623846814e-14	6.89923311081e-14	0.933580458164	-0.358367949724	1.4801277337e-13	0.358367949724	0.933580458164	1.0	-9.0061604821e-14	-2.01888507268e-14	21.0	31000000.0	31000000.0	31000000.0	31000000.0	31000000.0	31000000.0	31000000.0	31000000.0	31000000.0	31000000.0	31000000.0	31000000.0
22	22.0	1	5	1	1	0.5	0.5	0.5	0.0699866553715	-0.138959825039	-0.211107447743	-0.202245801687	0.00315649039112	0.00472341617569	0.00723067810759	1.0	8.25866610342e-14	8.25866339291e-14	6.57438174539e-14	0.927183866501	-0.374606579542	1.4762987382e-13	0.374606579542	0.927183866501	1.0	-8.68153950963e-14	-2.24807118179e-14	22.0	31000000.0	31000000.0	31000000.0	31000000.0	31000000.0	31000000.0	31000000.0	31000000.0	31000000.0	31000000.0	31000000.0	31000000.0
23	23.0	1	5	1	1	0.5	0.5	0.5	0.0694881714825	-0.138143435121	-0.209938883781	-0.200845211744	0.00299837184139	0.00451778201386	0.00721126794815	1.0	8.17553761235e-14	8.17553490184e-14	6.24881345127e-14	0.920504868031	-0.39073112607	1.47254902499e-13	0.39073112607	0.920504868031	1.0	-8.38166477413e-14	-2.46553706542e-14	23.0	31000000.0	31000000.0	31000000.0	31000000.0	31000000.0	31000000.0	31000000.0	31000000.0	31000000.0	31000000.0	31000000.0	31000000.0
24	24.0	1	5	1	1	0.5	0.5	0.5	0.0687132541533	-0.136471450329	-0.20762142539	-0.198303565383	0.0028445108328	0.00431606685743	0.00719203986228	1.0	8.09674050896e-14	8.09673779845e-14	5.93358776826e-14	0.913545489311	-0.406736642122	1.46877193567e-13	0.406736642122	0.913545489311	1.0	-8.10227265054e-14	-2.65915626107e-14	24.0	31000000.0	31000000.0	31000000.0	31000000.0	31000000.0	31000000.0	31000000.0	31000000.0	31000000.0	31000000.0	31000000.0	31000000.0
25	25.0	1	5	1	1	0.5	0.5	0.5	0.0676169983635	-0.13403198123	-0.204196736217	-0.194667950273	0.00269203982316	0.00410861568525	0.00717331608757	1.0	8.02216705066e-14	8.02216434015e-14	5.61884252234e-14	0.906307816505	-0.422618240118	1.46507656809e-13	0.422618240118	0.906307816505	1.0	-7.84230400888e-14	-2.84337508508e-14	25.0	31000000.0	31000000.0	31000000.0	31000000.0	31000000.0	31000000.0	31000000.0	31000000.0	31000000.0	31000000.0	31000000.0	31000000.0
26	26.0	1	5	1	1	0.5	0.5	0.5	0.0662631331079	-0.130787238479	-0.199683398008	-0.189970225096	0.00254649785347	0.00390863511711	0.00715752178803	1.0	7.95171491586e-14	7.95171220536e-14	5.32437219585e-14	0.898794054985	-0.438371151686	1.46231442753e-13	0.438371151686	0.898794054985	1.0	-7.6093421657e-14	-2.99671074901e-14	26.0	31000000.0	31000000.0	31000000.0	31000000.0	31000000.0	31000000.0	31000000.0	31000000.0	31000000.0	31000000.0	31000000.0	31000000.0
27	27.0	1	5	1	1	0.5	0.5	0.5	0.0646436064666	-0.126818150282	-0.194168791175	-0.184269443154	0.00239934097044	0.00370743637905	0.00713936518878	1.0	7.88528788163e-14	7.8852844935e-14	5.02027178238e-14	0.891006529331	-0.453990489244	1.45861472314e-13	0.453990489244	0.891006529331	1.0	-7.37995886732e-14	-3.15536984562e-14	27.0	31000000.0	31000000.0	31000000.0	31000000.0	31000000.0	31000000.0	31000000.0	31000000.0	31000000.0	31000000.0	31000000.0	31000000.0
28	28.0	1	5	1	1	0.5	0.5	0.5	0.0627565607148	-0.122118026018	-0.18763422966	-0.177565723658	0.00225654477254	0.00350114423782	0.00712363282219	1.0	7.82279311316e-14	7.82279040265e-14	4.72786279527e-14	0.88294762373	-0.469471544027	1.45566271168e-13	0.469471544027	0.88294762373	1.0	-7.17171954418e-14	-3.29618534615e-14	28.0	31000000.0	31000000.0	31000000.0	31000000.0	31000000.0	31000000.0	31000000.0	31000000.0	31000000.0	31000000.0	31000000.0	31000000.0
29	29.0	1	5	1	1	0.5	0.5	0.5	0.0606526623375	-0.11671321094	-0.180158898234	-0.169930398464	0.00211710762233	0.003298870055	0.00710933981463	1.0	7.76414658477e-14	7.76414319664e-14	4.44384214485e-14	0.874619722366	-0.484809607267	1.45310806031e-13	0.484809607267	0.874619722366	1.0	-6.9789633057e-14	-3.42433838175e-14	29.0	31000000.0	31000000.0	31000000.0	31000000.0	31000000.0	31000000.0	31000000.0	31000000.0	31000000.0	31000000.0	31000000.0	31000000.0
30	30.0	1	5	1	1	0.5	0.5	0.5	0.0582944850272	-0.1107018888	-0.171804904938	-0.161417961121	0.00197660620324	0.00309796072543	0.00709319859743	1.0	7.7092669813e-14	7.70926291555e-14	4.15282669635e-14	0.866025388241	-0.5	1.44978782668e-13	0.5	0.866025388241	1.0	-6.78861535128e-14	-3.55643994614e-14	30.0	31000000.0	31000000.0	31000000.0	31000000.0	31000000.0	31000000.0	31000000.0	31000000.0	31000000.0	31000000.0	31000000.0	31000000.0
31	31.0	1	5	1	1	0.5	0.5	0.5	0.0557503201598	-0.104059666395	-0.162606656551	-0.152081504464	0.00184033811092	0.00289721833542	0.00708150491118	1.0	7.65807840861e-14	7.65807502048e-14	3.87372832379e-14	0.857167303562	-0.515038073063	1.44792137264e-13	0.515038073063	0.857167303562	1.0	-6.62197551025e-14	-3.67385463685e-14	31.0	31000000.0	31000000.0	31000000.0	31000000.0	31000000.0	31000000.0	31000000.0	31000000.0	31000000.0	31000000.0	31000000.0	31000000.0
32	32.0	1	5	1	1	0.5	0.5	0.5	0.0529884126408	-0.0968004092574	-0.152546048164	-0.14190004766	0.00170668761712	0.0026978047099	0.00706525752321	1.0	7.6105117488e-14	7.61050768304e-14	3.60106096418e-14	0.848048090935	-0.529919266701	1.44433035952e-13	0.529919266701	0.848048090935	1.0	-6.44701645043e-14	-3.78307716371e-14	32.0	31000000.0	31000000.0	31000000.0	31000000.0	31000000.0	31000000.0	31000000.0	31000000.0	31000000.0	31000000.0	31000000.0	31000000.0
33	33.0	1	5	1	1	0.5	0.5	0.5	0.0500567272075	-0.0890314355493	-0.141778171062	-0.131015405059	0.00157438474707	0.00249168649316	0.00705360202119	1.0	7.56650127211e-14	7.56649788398e-14	3.33055252214e-14	0.838670551777	-0.544639050961	1.44223988221e-13	0.544639050961	0.838670551777	1.0	-6.29398605716e-14	-3.88876756317e-14	33.0	31000000.0	31000000.0	31000000.0	31000000.0	31000000.0	31000000.0	31000000.0	31000000.0	31000000.0	31000000.0	31000000.0	31000000.0
34	34.0	1	5	1	1	0.5	0.5	0.5	0.0469640629868	-0.0807560905814	-0.130312100053	-0.119427792728	0.00144245161209	0.00229033012874	0.00704180356115	1.0	7.52598734743e-14	7.52598328167e-14	3.05895784506e-14	0.829037606716	-0.559192895889	1.43997755885e-13	0.559192895889	0.829037606716	1.0	-6.14617270923e-14	-3.99417607007e-14	34.0	31000000.0	31000000.0	31000000.0	31000000.0	31000000.0	31000000.0	31000000.0	31000000.0	31000000.0	31000000.0	31000000.0	31000000.0
35	35.0	1	5	1	1	0.5	0.5	0.5	0.0437172172209	-0.071987785399	-0.118148125708	-0.107174038887	0.00131240475457	0.00208335206844	0.00703246705234	1.0	7.48891440939e-14	7.48891034364e-14	2.79183008092e-14	0.819152057171	-0.573576450348	1.43846116659e-13	0.573576450348	0.819152057171	1.0	-6.01114481542e-14	-4.09455862228e-14	35.0	31000000.0	31000000.0	31000000.0	31000000.0	31000000.0	31000000.0	31000000.0	31000000.0	31000000.0	31000000.0	31000000.0	31000000.0
36	36.0	1	5	1	1	0.5	0.5	0.5	0.0403788372113	-0.0627495497465	-0.105374902487	-0.0943066850305	0.00118379341438	0.00188469397835	0.00702259968966	1.0	7.45523163603e-14	7.45522757027e-14	2.5277750135e-14	0.809017002583	-0.587785243988	1.43663347277e-13	0.587785243988	0.809017002583	1.0	-5.87893923538e-14	-4.19154524999e-14	36.0	31000000.0	31000000.0	31000000.0	31000000.0	31000000.0	31000000.0	31000000.0	31000000.0	31000000.0	31000000.0	31000000.0	31000000.0
37	37.0	1	5	1	1	0.5	0.5	0.5	0.0369407713034	-0.053146019578	-0.0920672789216	-0.0809241756797	0.00105845439248	0.00168191338889	0.0070105525665	1.0	7.42489362636e-14	7.42488888298e-14	2.27346861768e-14	0.798635542393	-0.601814985275	1.43391131217e-13	0.601814985275	0.798635542393	1.0	-5.74447715958e-14	-4.27990704942e-14	37.0	31000000.0	31000000.0	31000000.0	31000000.0	31000000.0	31000000.0	31000000.0	31000000.0	31000000.0	31000000.0	31000000.0	31000000.0
38	38.0	1	5	1	1	0.5	0.5	0.5	0.0334600072977	-0.0431970842183	-0.0782782137394	-0.0670673400164	0.000933687435463	0.00148375425488	0.00700649619102	1.0	7.39785836756e-14	7.39785362418e-14	2.01957371047e-14	0.788010776043	-0.61566144228	1.43388285186e-13	0.61566144228	0.788010776043	1.0	-5.63700595804e-14	-4.36789107216e-14	38.0	31000000.0	31000000.0	31000000.0	31000000.0	31000000.0	31000000.0	31000000.0	31000000.0	31000000.0	31000000.0	31000000.0	31000000.0
39	39.0	1	5	1	1	0.5	0.5	0.5	0.0299732687575	-0.032885748893	-0.0640020221472	-0.0527336075902	0.000808531127404	0.00128437299281	0.00699805375189	1.0	7.37408926781e-14	7.37408452443e-14	1.76288596622e-14	0.777145981789	-0.629320383072	1.4321798413e-13	0.629320383072	0.777145981789	1.0	-5.52001275093e-14	-4.45814548201e-14	39.0	31000000.0	31000000.0	31000000.0	31000000.0	31000000.0	31000000.0	31000000.0	31000000.0	31000000.0	31000000.0	31000000.0	31000000.0
40	40.0	1	5	1	1	0.5	0.5	0.5	0.0265501119175	-0.0222893729806	-0.0493332147598	-0.0380037464201	0.000683732156176	0.00107720762026	0.00699263811111	1.0	7.35355447866e-14	7.35354973528e-14	1.50622549643e-14	0.766044437885	-0.642787575722	1.43141751165e-13	0.642787575722	0.766044437885	1.0	-5.41440536069e-14	-4.54841479964e-14	40.0	31000000.0	31000000.0	31000000.0	31000000.0	31000000.0	31000000.0	31000000.0	31000000.0	31000000.0	31000000.0	31000000.0	31000000.0
41	41.0	1	5	1	1	0.5	0.5	0.5	0.0232912298862	-0.0114479679614	-0.0343343839049	-0.0229646526277	0.000558626372367	0.000879483588506	0.00698518194258	1.0	7.33622553982e-14	7.33622079643e-14	1.24743245179e-14	0.754709601402	-0.656059026718	1.42980692932e-13	0.656059026718	0.754709601402	1.0	-5.30580997703e-14	-4.64043103802e-14	41.0	31000000.0	31000000.0	31000000.0	31000000.0	31000000.0	31000000.0	31000000.0	31000000.0	31000000.0	31000000.0	31000000.0	31000000.0
42	42.0	1	5	1	1	0.5	0.5	0.5	0.0203406476883	-0.000415417132899	-0.0190748237073	-0.00765737332404	0.000437716866145	0.000681487843394	0.00698295794427	1.0	7.32207941197e-14	7.32207466859e-14	1.00257809663e-14	0.7431448102	-0.669130623341	1.42991467191e-13	0.669130623341	0.7431448102	1.0	-5.21353590182e-14	-4.72217344437e-14	42.0	31000000.0	31000000.0	31000000.0	31000000.0	31000000.0	31000000.0	31000000.0	31000000.0	31000000.0	31000000.0	31000000.0	31000000.0
43	43.0	1	5	1	1	0.5	0.5	0.5	0.017873190849	0.0107409814373	-0.00360602373257	0.00782212708145	0.000314239208819	0.000479505921248	0.00697580305859	1.0	7.31109712159e-14	7.31109170058e-14	7.47973206403e-15	0.731353700161	-0.681998372078	1.42815406311e-13	0.681998372078	0.731353700161	1.0	-5.1103120623e-14	-4.81168585336e-14	43.0	31000000.0	31000000.0	31000000.0	31000000.0	31000000.0	31000000.0	31000000.0	31000000.0	31000000.0	31000000.0	31000000.0	31000000.0
44	44.0	1	5	1	1	0.5	0.5	0.5	0.0162081584588	0.0220755711198	0.0120714716613	0.0235084760934	0.000193880769075	0.000282061198959	0.00697334948927	1.0	7.30326240564e-14	7.30325698463e-14	5.03865299026e-15	0.71933978796	-0.694658339024	1.42792353462e-13	0.694658339024	0.71933978796	1.0	-5.02115777884e-14	-4.89405845223e-14	44.0	31000000.0	31000000.0	31000000.0	31000000.0	31000000.0	31000000.0	31000000.0	31000000.0	31000000.0	31000000.0	31000000.0	31000000.0
45	45.0	1	5	1	1	0.5	0.5	0.5	0.0156273554774	0.0334772281349	0.0278379991651	0.0392913781106	7.09175001248e-05	8.74613033375e-05	0.00697097880766	1.0	7.29856645498e-14	7.29856103397e-14	2.50234157871e-15	0.707106769085	-0.707106769085	1.42759393716e-13	0.707106769085	0.707106769085	1.0	-4.93375177139e-14	-4.98392356573e-14	45.0	31000000.0	31000000.0	31000000.0	31000000.0	31000000.0	31000000.0	31000000.0	31000000.0	31000000.0	31000000.0	31000000.0	31000000.0
46	46.0	1	5	1	1	0.5	0.5	0.5	0.0162480691786	0.0449191257358	0.0436743237078	0.0551158338785	-4.99888519698e-05	-0.000117406474601	0.00696983095258	1.0	7.29700181572e-14	7.29699571708e-14	3.70651989336e-17	0.694658398628	-0.71933978796	1.42756737421e-13	0.71933978796	0.694658398628	1.0	-4.85075202933e-14	-5.06943662396e-14	46.0	31000000.0	31000000.0	31000000.0	31000000.0	31000000.0	31000000.0	31000000.0	31000000.0	31000000.0	31000000.0	31000000.0	31000000.0
47	47.0	1	5	1	1	0.5	0.5	0.5	0.017954318699	0.0563476122916	0.0594997182488	0.0709141045809	-0.000170402156073	-0.000321725587128	0.00697033200413	1.0	7.29856645498e-14	7.29856035634e-14	-2.41059012283e-15	0.681998372078	-0.731353700161	1.42799441434e-13	0.731353700161	0.681998372078	1.0	-4.77291918824e-14	-5.15456851735e-14	47.0	31000000.0	31000000.0	31000000.0	31000000.0	31000000.0	31000000.0	31000000.0	31000000.0	31000000.0	31000000.0	31000000.0	31000000.0
48	48.0	1	5	1	1	0.5	0.5	0.5	0.0204742447658	0.0677090287209	0.075221426785	0.0866304710507	-0.00029246028862	-0.000511626130901	0.00697235297412	1.0	7.30326240564e-14	7.303256307e-14	-4.91429161294e-15	0.669130623341	-0.7431448102	1.42883006316e-13	0.7431448102	0.669130623341	1.0	-4.69965219356e-14	-5.2443960226e-14	48.0	31000000.0	31000000.0	31000000.0	31000000.0	31000000.0	31000000.0	31000000.0	31000000.0	31000000.0	31000000.0	31000000.0	31000000.0
49	49.0	1	5	1	1	0.5	0.5	0.5	0.023524710328	0.0790234953165	0.0908864960074	0.102273575962	-0.000416969822254	-0.000719646865036	0.0069726947695	1.0	7.31109644396e-14	7.31109034533e-14	-7.50072916376e-15	0.656059026718	-0.754709541798	1.42894593727e-13	0.754709541798	0.656059026718	1.0	-4.62321492396e-14	-5.34057729138e-14	49.0	31000000.0	31000000.0	31000000.0	31000000.0	31000000.0	31000000.0	31000000.0	31000000.0	31000000.0	31000000.0	31000000.0	31000000.0
50	50.0	1	5	1	1	0.5	0.5	0.5	0.0268598238159	0.0902177020907	0.106357127428	0.1177008003	-0.000538720283657	-0.0009086750797	0.00697285402566	1.0	7.32207941197e-14	7.32207331333e-14	-9.98427042269e-15	0.642787635326	-0.766044437885	1.42887085627e-13	0.766044437885	0.642787635326	1.0	-4.54714797716e-14	-5.43082492497e-14	50.0	31000000.0	31000000.0	31000000.0	31000000.0	31000000.0	31000000.0	31000000.0	31000000.0	31000000.0	31000000.0	31000000.0	31000000.0
51	51.0	1	5	1	1	0.5	0.5	0.5	0.0303826202004	0.101213820279	0.121579430997	0.132867023349	-0.000660901481751	-0.00111284002196	0.00697690108791	1.0	7.33622553982e-14	7.33621876355e-14	-1.24756806177e-14	0.629320383072	-0.777145922184	1.43004138804e-13	0.777145922184	0.629320383072	1.0	-4.48062200948e-14	-5.52263923069e-14	51.0	31000000.0	31000000.0	31000000.0	31000000.0	31000000.0	31000000.0	31000000.0	31000000.0	31000000.0	31000000.0	31000000.0	31000000.0
52	52.0	1	5	1	1	0.5	0.5	0.5	0.0339949033569	0.11201544106	0.136535584927	0.147761180997	-0.000784714065958	-0.00131459208205	0.00697894394398	1.0	7.35355380104e-14	7.3535477024e-14	-1.50155309329e-14	0.615661501884	-0.788010716438	1.43037965912e-13	0.788010716438	0.615661501884	1.0	-4.40999640234e-14	-5.61864601069e-14	52.0	31000000.0	31000000.0	31000000.0	31000000.0	31000000.0	31000000.0	31000000.0	31000000.0	31000000.0	31000000.0	31000000.0	31000000.0
53	53.0	1	5	1	1	0.5	0.5	0.5	0.0376308280896	0.122612737119	0.15118843317	0.1623544842	-0.00091004971182	-0.00151794939302	0.00698458682746	1.0	7.37408859018e-14	7.37408249155e-14	-1.75981801289e-14	0.60181504488	-0.798635482788	1.43186406742e-13	0.798635482788	0.60181504488	1.0	-4.34776455289e-14	-5.71844546542e-14	53.0	31000000.0	31000000.0	31000000.0	31000000.0	31000000.0	31000000.0	31000000.0	31000000.0	31000000.0	31000000.0	31000000.0	31000000.0
54	54.0	1	5	1	1	0.5	0.5	0.5	0.0412246747871	0.132881388068	0.165393546224	0.176486164331	-0.00103311298881	-0.00171284656972	0.00699377711862	1.0	7.39785768994e-14	7.39785091367e-14	-2.00878776232e-14	0.587785243988	-0.809017002583	1.4344772657e-13	0.809017002583	0.587785243988	1.0	-4.29343382678e-14	-5.81362689651e-14	54.0	31000000.0	31000000.0	31000000.0	31000000.0	31000000.0	31000000.0	31000000.0	31000000.0	31000000.0	31000000.0	31000000.0	31000000.0
55	55.0	1	5	1	1	0.5	0.5	0.5	0.0447415113323	0.142851829529	0.179176211357	0.190176308155	-0.00116179022007	-0.00190604047384	0.00699571380392	1.0	7.42489294873e-14	7.42488617247e-14	-2.27610458421e-14	0.573576450348	-0.819152057171	1.43440909649e-13	0.819152057171	0.573576450348	1.0	-4.22339470525e-14	-5.92136542165e-14	55.0	31000000.0	31000000.0	31000000.0	31000000.0	31000000.0	31000000.0	31000000.0	31000000.0	31000000.0	31000000.0	31000000.0	31000000.0
56	56.0	1	5	1	1	0.5	0.5	0.5	0.0481736416751	0.152466788888	0.192468911409	0.203372821212	-0.00128960516304	-0.00210840022191	0.00700309127569	1.0	7.4552309584e-14	7.45522418214e-14	-2.53872833536e-14	0.559192895889	-0.829037547112	1.43614029631e-13	0.829037547112	0.559192895889	1.0	-4.1651784696e-14	-6.02744647271e-14	56.0	31000000.0	31000000.0	31000000.0	31000000.0	31000000.0	31000000.0	31000000.0	31000000.0	31000000.0	31000000.0	31000000.0	31000000.0
57	57.0	1	5	1	1	0.5	0.5	0.5	0.0514957040887	0.16164894402	0.205184012651	0.215988025069	-0.00141807645559	-0.00230375886895	0.00701119331643	1.0	7.48891373177e-14	7.48890627788e-14	-2.80182744139e-14	0.544639050961	-0.838670551777	1.43800837665e-13	0.838670551777	0.544639050961	1.0	-4.10839371963e-14	-6.13515111652e-14	57.0	31000000.0	31000000.0	31000000.0	31000000.0	31000000.0	31000000.0	31000000.0	31000000.0	31000000.0	31000000.0	31000000.0	31000000.0
58	58.0	1	5	1	1	0.5	0.5	0.5	0.0546568840541	0.170429125428	0.217311233282	0.228001371026	-0.00154578115325	-0.00251251878217	0.00702094798908	1.0	7.5259866698e-14	7.52597921591e-14	-3.06018773689e-14	0.529919266701	-0.848048090935	1.44034266393e-13	0.848048090935	0.529919266701	1.0	-4.05486903006e-14	-6.24149440898e-14	58.0	31000000.0	31000000.0	31000000.0	31000000.0	31000000.0	31000000.0	31000000.0	31000000.0	31000000.0	31000000.0	31000000.0	31000000.0
59	59.0	1	5	1	1	0.5	0.5	0.5	0.057665178562	0.178753256798	0.228810757399	0.239380404353	-0.00167655316181	-0.0027051072102	0.00703151477501	1.0	7.56650059448e-14	7.56649314059e-14	-3.3271399958e-14	0.515038073063	-0.857167303562	1.44284839068e-13	0.857167303562	0.515038073063	1.0	-4.00271416218e-14	-6.35444252555e-14	59.0	31000000.0	31000000.0	31000000.0	31000000.0	31000000.0	31000000.0	31000000.0	31000000.0	31000000.0	31000000.0	31000000.0	31000000.0
60	60.0	1	5	1	1	0.5	0.5	0.5	0.0604909854062	0.186547547579	0.239586278796	0.250017344952	-0.00180981971789	-0.00291019980796	0.00704179238528	1.0	7.61051039354e-14	7.61050361728e-14	-3.6004626201e-14	0.5	-0.866025388241	1.44513903882e-13	0.866025388241	0.5	1.0	-3.94958825573e-14	-6.47265850943e-14	60.0	31000000.0	31000000.0	31000000.0	31000000.0	31000000.0	31000000.0	31000000.0	31000000.0	31000000.0	31000000.0	31000000.0	31000000.0
61	61.0	1	5	1	1	0.5	0.5	0.5	0.0631217688617	0.193791866302	0.249607756734	0.259886533022	-0.00194548477884	-0.00310831447132	0.00705294730142	1.0	7.65807705336e-14	7.65806959947e-14	-3.87961283108e-14	0.48480963707	-0.874619722366	1.44762877358e-13	0.874619722366	0.48480963707	1.0	-3.89781861843e-14	-6.59583268537e-14	61.0	31000000.0	31000000.0	31000000.0	31000000.0	31000000.0	31000000.0	31000000.0	31000000.0	31000000.0	31000000.0	31000000.0	31000000.0
62	62.0	1	5	1	1	0.5	0.5	0.5	0.0655460742438	0.20045940578	0.258834958076	0.268953949213	-0.00208330713212	-0.00330717721954	0.00706291478127	1.0	7.70926562605e-14	7.70925749453e-14	-4.16352980467e-14	0.46947157383	-0.882947564125	1.44959158609e-13	0.882947564125	0.46947157383	1.0	-3.84318262164e-14	-6.72338636046e-14	62.0	31000000.0	31000000.0	31000000.0	31000000.0	31000000.0	31000000.0	31000000.0	31000000.0	31000000.0	31000000.0	31000000.0	31000000.0
63	63.0	1	5	1	1	0.5	0.5	0.5	0.0677412166974	0.206590846181	0.267280697823	0.277241885662	-0.00222166883759	-0.00350732635707	0.00707424012944	1.0	7.76414522952e-14	7.764137098e-14	-4.44629108651e-14	0.453990519047	-0.891006529331	1.45192844835e-13	0.891006529331	0.453990519047	1.0	-3.79073942375e-14	-6.85204659939e-14	63.0	31000000.0	31000000.0	31000000.0	31000000.0	31000000.0	31000000.0	31000000.0	31000000.0	31000000.0	31000000.0	31000000.0	31000000.0
64	64.0	1	5	1	1	0.5	0.5	0.5	0.0697129410434	0.212010905147	0.274793446064	0.284571915865	-0.00236255140044	-0.00370562658645	0.00708921952173	1.0	7.82279175791e-14	7.82278430402e-14	-4.73467022966e-14	0.438371151686	-0.898794054985	1.45545264751e-13	0.898794054985	0.438371151686	1.0	-3.74487496135e-14	-6.98572872725e-14	64.0	31000000.0	31000000.0	31000000.0	31000000.0	31000000.0	31000000.0	31000000.0	31000000.0	31000000.0	31000000.0	31000000.0	31000000.0
65	65.0	1	5	1	1	0.5	0.5	0.5	0.0714181561332	0.216807678342	0.281412482262	0.290993452072	-0.00250276038423	-0.00390887679532	0.00710331602022	1.0	7.88528652638e-14	7.88527839486e-14	-5.01717130298e-14	0.42261826992	-0.906307756901	1.45856701825e-13	0.906307756901	0.42261826992	1.0	-3.69653241935e-14	-7.11814369383e-14	65.0	31000000.0	31000000.0	31000000.0	31000000.0	31000000.0	31000000.0	31000000.0	31000000.0	31000000.0	31000000.0	31000000.0	31000000.0
66	66.0	1	5	1	1	0.5	0.5	0.5	0.0728654392243	0.220906943083	0.287071973085	0.296444416046	-0.00265323766507	-0.00410525733605	0.00711599038914	1.0	7.95171356061e-14	7.95170542909e-14	-5.33217404692e-14	0.406736671925	-0.913545429707	1.46108494227e-13	0.913545429707	0.406736671925	1.0	-3.64467062487e-14	-7.27051272377e-14	66.0	31000000.0	31000000.0	31000000.0	31000000.0	31000000.0	31000000.0	31000000.0	31000000.0	31000000.0	31000000.0	31000000.0	31000000.0
67	67.0	1	5	1	1	0.5	0.5	0.5	0.0740421446261	0.224261745811	0.291689932346	0.300876945257	-0.00280131306499	-0.00430715922266	0.00713248644024	1.0	8.0221656954e-14	8.02215688626e-14	-5.63473692618e-14	0.390731155872	-0.920504868031	1.46486108291e-13	0.920504868031	0.390731155872	1.0	-3.59935876677e-14	-7.41815937562e-14	67.0	31000000.0	31000000.0	31000000.0	31000000.0	31000000.0	31000000.0	31000000.0	31000000.0	31000000.0	31000000.0	31000000.0	31000000.0
68	68.0	1	5	1	1	0.5	0.5	0.5	0.0749262839347	0.22694632411	0.295370638371	0.30431458354	-0.00294701498933	-0.00449755322188	0.00714947842062	1.0	8.09673915371e-14	8.09673034456e-14	-5.92471696161e-14	0.374606609344	-0.927183866501	1.46872639918e-13	0.927183866501	0.374606609344	1.0	-3.55405978356e-14	-7.56131336471e-14	68.0	31000000.0	31000000.0	31000000.0	31000000.0	31000000.0	31000000.0	31000000.0	31000000.0	31000000.0	31000000.0	31000000.0	31000000.0
69	69.0	1	5	1	1	0.5	0.5	0.5	0.0755447188712	0.228792086244	0.297914654016	0.306645393372	-0.00310259847902	-0.00470214849338	0.00716820033267	1.0	8.17553557947e-14	8.17552677033e-14	-6.24511022323e-14	0.358367979527	-0.93358039856	1.47312107716e-13	0.93358039856	0.358367979527	1.0	-3.51104440118e-14	-7.7233013008e-14	69.0	31000000.0	31000000.0	31000000.0	31000000.0	31000000.0	31000000.0	31000000.0	31000000.0	31000000.0	31000000.0	31000000.0	31000000.0
70	70.0	1	5	1	1	0.5	0.5	0.5	0.0758345472717	0.229867011309	0.299378037453	0.307846367359	-0.00326239760034	-0.00490199634805	0.00718151498586	1.0	8.25866474817e-14	8.2586552614e-14	-6.57566788021e-14	0.342020153999	-0.939692616463	1.47553288489e-13	0.939692616463	0.342020153999	1.0	-3.45680752631e-14	-7.89318358395e-14	70.0	31000000.0	31000000.0	31000000.0	31000000.0	31000000.0	31000000.0	31000000.0	31000000.0	31000000.0	31000000.0	31000000.0	31000000.0
71	71.0	1	5	1	1	0.5	0.5	0.5	0.0758360864293	0.230157241225	0.299764603376	0.307952821255	-0.00342002091929	-0.00510233594105	0.00720483297482	1.0	8.34623914577e-14	8.34623033663e-14	-6.89357628598e-14	0.325568169355	-0.945518553257	1.48140492386e-13	0.945518553257	0.325568169355	1.0	-3.42024992312e-14	-8.05897232628e-14	71.0	31000000.0	31000000.0	31000000.0	31000000.0	31000000.0	31000000.0	31000000.0	31000000.0	31000000.0	31000000.0	31000000.0	31000000.0
72	72.0	1	5	1	1	0.5	0.5	0.5	0.075525141316	0.229602411389	0.298972666264	0.306899368763	-0.00358790112659	-0.0052975253202	0.00721790129319	1.0	8.43837938977e-14	8.438369903e-14	-7.24243798614e-14	0.309017002583	-0.951056480408	1.48359772276e-13	0.951056480408	0.309017002583	1.0	-3.36342078863e-14	-8.24389384882e-14	72.0	31000000.0	31000000.0	31000000.0	31000000.0	31000000.0	31000000.0	31000000.0	31000000.0	31000000.0	31000000.0	31000000.0	31000000.0
73	73.0	1	5	1	1	0.5	0.5	0.5	0.0749000000883	0.228239625692	0.29704400897	0.304708212614	-0.00375670660287	-0.00549271516502	0.00723527790979	1.0	8.5352121963e-14	8.53520203191e-14	-7.58904522341e-14	0.292371720076	-0.956304728985	1.48725527878e-13	0.956304728985	0.292371720076	1.0	-3.3134577032e-14	-8.43050130574e-14	73.0	31000000.0	31000000.0	31000000.0	31000000.0	31000000.0	31000000.0	31000000.0	31000000.0	31000000.0	31000000.0	31000000.0	31000000.0
74	74.0	1	5	1	1	0.5	0.5	0.5	0.0739484623657	0.225991547108	0.293922573328	0.301260143518	-0.00392613513395	-0.00569652067497	0.00725413672626	1.0	8.63686766962e-14	8.63685818285e-14	-7.93205019896e-14	0.275637388229	-0.961261689663	1.49138825747e-13	0.961261689663	0.275637388229	1.0	-3.26499251084e-14	-8.6183183257e-14	74.0	31000000.0	31000000.0	31000000.0	31000000.0	31000000.0	31000000.0	31000000.0	31000000.0	31000000.0	31000000.0	31000000.0	31000000.0
75	75.0	1	5	1	1	0.5	0.5	0.5	0.072654064954	0.22285503149	0.289548963308	0.296567112207	-0.00410118186846	-0.00588755588979	0.00727464165539	1.0	8.74348607838e-14	8.74347591399e-14	-8.2887859174e-14	0.258819073439	-0.965925812721	1.49606293066e-13	0.965925812721	0.258819073439	1.0	-3.21823527571e-14	-8.81655249567e-14	75.0	31000000.0	31000000.0	31000000.0	31000000.0	31000000.0	31000000.0	31000000.0	31000000.0	31000000.0	31000000.0	31000000.0	31000000.0
76	76.0	1	5	1	1	0.5	0.5	0.5	0.0710590306271	0.218880146742	0.284022808075	0.290706813335	-0.00428106123582	-0.00608264096081	0.00729729793966	1.0	8.85520972413e-14	8.85519955973e-14	-8.65618002082e-14	0.241921916604	-0.970295727253	1.50146700086e-13	0.970295727253	0.241921916604	1.0	-3.17401744536e-14	-9.02373878744e-14	76.0	31000000.0	31000000.0	31000000.0	31000000.0	31000000.0	31000000.0	31000000.0	31000000.0	31000000.0	31000000.0	31000000.0	31000000.0
77	77.0	1	5	1	1	0.5	0.5	0.5	0.0691430442849	0.214006558061	0.277257710695	0.283598601818	-0.00446529500186	-0.00628326507285	0.00731486734003	1.0	8.97219039515e-14	8.97218023076e-14	-9.03223757722e-14	0.224951073527	-0.974370062351	1.5050570653e-13	0.974370062351	0.224951073527	1.0	-3.11913851952e-14	-9.23900916167e-14	77.0	31000000.0	31000000.0	31000000.0	31000000.0	31000000.0	31000000.0	31000000.0	31000000.0	31000000.0	31000000.0	31000000.0	31000000.0
78	78.0	1	5	1	1	0.5	0.5	0.5	0.0668996797354	0.208257958293	0.269263744354	0.275259256363	-0.00465713022277	-0.00647377641872	0.00733389845118	1.0	9.09458462315e-14	9.09457378113e-14	-9.42809808631e-14	0.207911714911	-0.978147566319	1.50915440084e-13	0.978147566319	0.207911714911	1.0	-3.06547254486e-14	-9.46824541513e-14	78.0	31000000.0	31000000.0	31000000.0	31000000.0	31000000.0	31000000.0	31000000.0	31000000.0	31000000.0	31000000.0	31000000.0	31000000.0
79	79.0	1	5	1	1	0.5	0.5	0.5	0.0643428410009	0.201603919268	0.260032474995	0.265651851892	-0.00485096639022	-0.00666582910344	0.00735527323559	1.0	9.22255503845e-14	9.2225435188e-14	-9.82367805808e-14	0.190809011459	-0.981627166271	1.51408264181e-13	0.981627166271	0.190809011459	1.0	-3.0145265624e-14	-9.70135769136e-14	79.0	31000000.0	31000000.0	31000000.0	31000000.0	31000000.0	31000000.0	31000000.0	31000000.0	31000000.0	31000000.0	31000000.0	31000000.0
80	80.0	1	5	1	1	0.5	0.5	0.5	0.0614645414137	0.194048047066	0.249545291066	0.254766076803	-0.00505235884339	-0.00686362525448	0.00737208453938	1.0	9.35626901476e-14	9.35625817274e-14	-1.02382444428e-13	0.17364820838	-0.984807729721	1.51741778322e-13	0.984807729721	0.17364820838	1.0	-2.95383529648e-14	-9.94839518924e-14	80.0	31000000.0	31000000.0	31000000.0	31000000.0	31000000.0	31000000.0	31000000.0	31000000.0	31000000.0	31000000.0	31000000.0	31000000.0
81	81.0	1	5	1	1	0.5	0.5	0.5	0.0582718432416	0.185640856624	0.237853914499	0.242651328444	-0.00525587564334	-0.00704948464409	0.00739240786061	1.0	9.49590273492e-14	9.49589053765e-14	-1.06522917657e-13	0.156434491277	-0.987688362598	1.52202360958e-13	0.987688362598	0.156434491277	1.0	-2.89785014561e-14	-1.01996719176e-13	81.0	31000000.0	31000000.0	31000000.0	31000000.0	31000000.0	31000000.0	31000000.0	31000000.0	31000000.0	31000000.0	31000000.0	31000000.0
82	82.0	1	5	1	1	0.5	0.5	0.5	0.0548411210712	0.176334485412	0.224956199527	0.229332342744	-0.00546766957268	-0.00723874382675	0.00740870647132	1.0	9.64163441469e-14	9.64162289504e-14	-1.10871842306e-13	0.13917312026	-0.990268051624	1.52525670045e-13	0.990268051624	0.13917312026	1.0	-2.833043316e-14	-1.04662663898e-13	82.0	31000000.0	31000000.0	31000000.0	31000000.0	31000000.0	31000000.0	31000000.0	31000000.0	31000000.0	31000000.0	31000000.0	31000000.0
83	83.0	1	5	1	1	0.5	0.5	0.5	0.0511313149972	0.166156679392	0.210826560855	0.214756399393	-0.00568466819823	-0.00742362486199	0.00743296789005	1.0	9.79365040129e-14	9.79363888164e-14	-1.15317233844e-13	0.121869370341	-0.992546141148	1.53136387577e-13	0.992546141148	0.121869370341	1.0	-2.78072717305e-14	-1.07427616607e-13	83.0	31000000.0	31000000.0	31000000.0	31000000.0	31000000.0	31000000.0	31000000.0	31000000.0	31000000.0	31000000.0	31000000.0	31000000.0
84	84.0	1	5	1	1	0.5	0.5	0.5	0.0472034591648	0.155100286007	0.195493191481	0.198953047395	-0.00591072347015	-0.00760667771101	0.00744895776734	1.0	9.95214110774e-14	9.95212891047e-14	-1.19991419145e-13	0.104528486729	-0.994521915913	1.53463518477e-13	0.994521915913	0.104528486729	1.0	-2.7119679183e-14	-1.10360986571e-13	84.0	31000000.0	31000000.0	31000000.0	31000000.0	31000000.0	31000000.0	31000000.0	31000000.0	31000000.0	31000000.0	31000000.0	31000000.0
85	85.0	1	5	1	1	0.5	0.5	0.5	0.0431223359335	0.143299892545	0.179094478488	0.182078793645	-0.0061384961009	-0.00779581116512	0.00746519910172	1.0	1.01173003352e-13	1.01172881379e-13	-1.24631763785e-13	0.0871557667851	-0.996194720268	1.53809826204e-13	0.996194720268	0.0871557667851	1.0	-2.64190067528e-14	-1.13333658864e-13	85.0	31000000.0	31000000.0	31000000.0	31000000.0	31000000.0	31000000.0	31000000.0	31000000.0	31000000.0	31000000.0	31000000.0	31000000.0
